1
10
100
102
105
106
107
108
109
11
110
113
119
120
121
124
129
13
133
134
137
138
14
142
145
146
147
148
15
150
151
152
155
156
157
158
159
16
161
163
165
166
167
170
173
176
179
18
180
182
183
184
187
188
190
196
20
201
209
21
210
211
213
216
22
220
221
222
224
227
228
229
23
230
231
232
235
236
237
239
240
247
249
25
253
256
26
264
266
269
271
276
277
28
280
288
29
294
302
303
304
31
32
36
37
38
39
40
41
42
45
47
49
50
53
54
55
56
57
58
59
60
61
62
64
65
66
67
7
70
73
74
78
79
86
88
89
93
94
95
96
99
